  1003.  2.79999995  0.971983314
  1000.  3.20000005  0.91828239
  994.  4.  0.807908952
  967.799988  2.5999999  0.829708993
  932.  0.600000024  0.870858133
  925.  0.200000003  0.876887858
  897.200012 -1.29999995  0.881991684
  863.5 -3.0999999  0.886992633
  850. -3.9000001  0.893033922
  846. -4.0999999  0.892864704
  798.5 -7.5  0.925351977
  767.700012 -9.80000019  0.94618988
  738.099976 -12.1000004  0.976151407
  718. -13.6999998  0.991881847
  709.5 -14.3000002  0.944113791
  700. -14.8999996  0.890493929
  681.400024 -16.3999996  0.911908805
  673. -17.1000004  0.926955521
  658. -18.2999992  0.739614308
  641. -19.7000008  0.94963181
  627.900024 -21.  0.940795004
  609. -22.8999996  0.931471884
  600. -23.7000008  0.634027541
  577.599976 -25.7999992  0.665179431
  545. -28.8999996  0.710292339
  533. -29.2999992  0.737390459
  530.700012 -29.5  0.729862571
  500. -32.5  0.694918036
  445.5 -38.7999992  0.623466015
  426.200012 -41.2000008  0.596361279
  419. -42.0999985  0.58049047
  400. -44.9000015  0.655327082
  385. -47.0999985  0.728443742
  371.700012 -48.7000008  0.66757071
  354.899994 -50.9000015  0.593160152
  352. -51.2999992  0.584675431
  343. -52.5  0.723966658
  318. -52.0999985  0.194347739
  300. -51.0999985  0.0746967643
  294.100006 -51.0999985  0.0645750985
  280.600006 -51.2000008  0.0457396694
  271. -51.2999992  0.0351815745
  251. -46.7000008  0.0196005031
  250. -46.7000008  0.0196005031
  243. -46.5  0.00892678462
  222.699997 -46.2000008  0.00906970445
  218. -46.0999985  0.00911768898
  200. -47.7000008  0.00837044604
  193. -46.0999985  0.00911768898
  169. -45.5  0.0094092153
  161.399994 -45.2999992  0.00950778835
  161. -45.2999992  0.00950778835
  154.199997 -45.7999992  0.00926267635
  150. -46.0999985  0.00911768898
  142. -46.9000015  0.00873861462
  134.399994 -46.5  0.00892678462
  131. -46.2999992  0.0090218829
  128.399994 -46.9000015  0.009031008
  122.599998 -48.2999992  0.00925802253
  120. -48.9000015  0.00927100237
  115. -46.9000015  0.00873861462
  111.800003 -47.5  0.008892674
  102. -49.2999992  0.0089241676
  101. -49.5  0.00897826906
  100. -49.7000008  0.00888210069
  97.5999985 -48.2999992  0.00957013108
  97.4000015 -48.4000015  0.00967886951
  88.6999969 -50.2999992  0.00951611158
  81.9000015 -51.9000015  0.00934872311
  80.8000031 -52.  0.00929847732